GHCi, version 8.6.5: http://www.haskell.org/ghc/  :? for help
[1 of 2] Compiling Split            ( ../Split.hs, interpreted )
[2 of 2] Compiling Main             ( solution.hs, interpreted )
Ok, two modules loaded.
*Main> "exploded [[[[0,[5,8]],[[1,7],[9,6]]],[[4,[1,2]],[[1,4],2]]],[[[[5,2],5],[8,[3,7]]],[[5,[7,5]],[4,4]]]]
exploded [[[[5,0],[[9,7],[9,6]]],[[4,[1,2]],[[1,4],2]]],[[[[5,2],5],[8,[3,7]]],[[5,[7,5]],[4,4]]]]
exploded [[[[5,9],[0,[16,6]]],[[4,[1,2]],[[1,4],2]]],[[[[5,2],5],[8,[3,7]]],[[5,[7,5]],[4,4]]]]
exploded [[[[5,9],[16,0]],[[10,[1,2]],[[1,4],2]]],[[[[5,2],5],[8,[3,7]]],[[5,[7,5]],[4,4]]]]
exploded [[[[5,9],[16,0]],[[11,0],[[3,4],2]]],[[[[5,2],5],[8,[3,7]]],[[5,[7,5]],[4,4]]]]
exploded [[[[5,9],[16,0]],[[11,3],[0,6]]],[[[[5,2],5],[8,[3,7]]],[[5,[7,5]],[4,4]]]]
exploded [[[[5,9],[16,0]],[[11,3],[0,11]]],[[[0,7],[8,[3,7]]],[[5,[7,5]],[4,4]]]]
exploded [[[[5,9],[16,0]],[[11,3],[0,11]]],[[[0,7],[11,0]],[[12,[7,5]],[4,4]]]]
split    [[[[5,9],[16,0]],[[11,3],[0,11]]],[[[0,7],[11,0]],[[19,0],[9,4]]]]
exploded [[[[5,9],[[8,8],0]],[[11,3],[0,11]]],[[[0,7],[11,0]],[[19,0],[9,4]]]]
split    [[[[5,17],[0,8]],[[11,3],[0,11]]],[[[0,7],[11,0]],[[19,0],[9,4]]]]
exploded [[[[5,[8,9]],[0,8]],[[11,3],[0,11]]],[[[0,7],[11,0]],[[19,0],[9,4]]]]
split    [[[[13,0],[9,8]],[[11,3],[0,11]]],[[[0,7],[11,0]],[[19,0],[9,4]]]]
exploded [[[[[6,7],0],[9,8]],[[11,3],[0,11]]],[[[0,7],[11,0]],[[19,0],[9,4]]]]
split    [[[[0,7],[9,8]],[[11,3],[0,11]]],[[[0,7],[11,0]],[[19,0],[9,4]]]]
exploded [[[[0,7],[9,8]],[[[5,6],3],[0,11]]],[[[0,7],[11,0]],[[19,0],[9,4]]]]
split    [[[[0,7],[9,13]],[[0,9],[0,11]]],[[[0,7],[11,0]],[[19,0],[9,4]]]]
exploded [[[[0,7],[9,[6,7]]],[[0,9],[0,11]]],[[[0,7],[11,0]],[[19,0],[9,4]]]]
split    [[[[0,7],[15,0]],[[7,9],[0,11]]],[[[0,7],[11,0]],[[19,0],[9,4]]]]
exploded [[[[0,7],[[7,8],0]],[[7,9],[0,11]]],[[[0,7],[11,0]],[[19,0],[9,4]]]]
split    [[[[0,14],[0,8]],[[7,9],[0,11]]],[[[0,7],[11,0]],[[19,0],[9,4]]]]
exploded [[[[0,[7,7]],[0,8]],[[7,9],[0,11]]],[[[0,7],[11,0]],[[19,0],[9,4]]]]
split    [[[[7,0],[7,8]],[[7,9],[0,11]]],[[[0,7],[11,0]],[[19,0],[9,4]]]]
exploded [[[[7,0],[7,8]],[[7,9],[0,[5,6]]]],[[[0,7],[11,0]],[[19,0],[9,4]]]]
split    [[[[7,0],[7,8]],[[7,9],[5,0]]],[[[6,7],[11,0]],[[19,0],[9,4]]]]
exploded [[[[7,0],[7,8]],[[7,9],[5,0]]],[[[6,7],[[5,6],0]],[[19,0],[9,4]]]]
split    [[[[7,0],[7,8]],[[7,9],[5,0]]],[[[6,12],[0,6]],[[19,0],[9,4]]]]
exploded [[[[7,0],[7,8]],[[7,9],[5,0]]],[[[6,[6,6]],[0,6]],[[19,0],[9,4]]]]
split    [[[[7,0],[7,8]],[[7,9],[5,0]]],[[[12,0],[6,6]],[[19,0],[9,4]]]]
exploded [[[[7,0],[7,8]],[[7,9],[5,0]]],[[[[6,6],0],[6,6]],[[19,0],[9,4]]]]
split    [[[[7,0],[7,8]],[[7,9],[5,6]]],[[[0,6],[6,6]],[[19,0],[9,4]]]]
exploded [[[[7,0],[7,8]],[[7,9],[5,6]]],[[[0,6],[6,6]],[[[9,10],0],[9,4]]]]
split    [[[[7,0],[7,8]],[[7,9],[5,6]]],[[[0,6],[6,15]],[[0,10],[9,4]]]]
exploded [[[[7,0],[7,8]],[[7,9],[5,6]]],[[[0,6],[6,[7,8]]],[[0,10],[9,4]]]]
split    [[[[7,0],[7,8]],[[7,9],[5,6]]],[[[0,6],[13,0]],[[8,10],[9,4]]]]
exploded [[[[7,0],[7,8]],[[7,9],[5,6]]],[[[0,6],[[6,7],0]],[[8,10],[9,4]]]]
split    [[[[7,0],[7,8]],[[7,9],[5,6]]],[[[0,12],[0,7]],[[8,10],[9,4]]]]
exploded [[[[7,0],[7,8]],[[7,9],[5,6]]],[[[0,[6,6]],[0,7]],[[8,10],[9,4]]]]
split    [[[[7,0],[7,8]],[[7,9],[5,6]]],[[[6,0],[6,7]],[[8,10],[9,4]]]]
exploded [[[[7,0],[7,8]],[[7,9],[5,6]]],[[[6,0],[6,7]],[[8,[5,5]],[9,4]]]]
split    [[[[7,0],[7,8]],[[7,9],[5,6]]],[[[6,0],[6,7]],[[13,0],[14,4]]]]
exploded [[[[7,0],[7,8]],[[7,9],[5,6]]],[[[6,0],[6,7]],[[[6,7],0],[14,4]]]]
split    [[[[7,0],[7,8]],[[7,9],[5,6]]],[[[6,0],[6,13]],[[0,7],[14,4]]]]
exploded [[[[7,0],[7,8]],[[7,9],[5,6]]],[[[6,0],[6,[6,7]]],[[0,7],[14,4]]]]
split    [[[[7,0],[7,8]],[[7,9],[5,6]]],[[[6,0],[12,0]],[[7,7],[14,4]]]]
exploded [[[[7,0],[7,8]],[[7,9],[5,6]]],[[[6,0],[[6,6],0]],[[7,7],[14,4]]]]
split    [[[[7,0],[7,8]],[[7,9],[5,6]]],[[[6,6],[0,6]],[[7,7],[14,4]]]]
exploded [[[[7,0],[7,8]],[[7,9],[5,6]]],[[[6,6],[0,6]],[[7,7],[[7,7],4]]]]
split    [[[[7,0],[7,8]],[[7,9],[5,6]]],[[[6,6],[0,6]],[[7,14],[0,11]]]]
exploded [[[[7,0],[7,8]],[[7,9],[5,6]]],[[[6,6],[0,6]],[[7,[7,7]],[0,11]]]]
split    [[[[7,0],[7,8]],[[7,9],[5,6]]],[[[6,6],[0,6]],[[14,0],[7,11]]]]
exploded [[[[7,0],[7,8]],[[7,9],[5,6]]],[[[6,6],[0,6]],[[[7,7],0],[7,11]]]]
split    [[[[7,0],[7,8]],[[7,9],[5,6]]],[[[6,6],[0,13]],[[0,7],[7,11]]]]
exploded [[[[7,0],[7,8]],[[7,9],[5,6]]],[[[6,6],[0,[6,7]]],[[0,7],[7,11]]]]
split    [[[[7,0],[7,8]],[[7,9],[5,6]]],[[[6,6],[6,0]],[[7,7],[7,11]]]]
exploded [[[[7,0],[7,8]],[[7,9],[5,6]]],[[[6,6],[6,0]],[[7,7],[7,[5,6]]]]]
split    [[[[7,0],[7,8]],[[7,9],[5,6]]],[[[6,6],[6,0]],[[7,7],[12,0]]]]
exploded [[[[7,0],[7,8]],[[7,9],[5,6]]],[[[6,6],[6,0]],[[7,7],[[6,6],0]]]]
split    [[[[7,0],[7,8]],[[7,9],[5,6]]],[[[6,6],[6,0]],[[7,13],[0,6]]]]
exploded [[[[7,0],[7,8]],[[7,9],[5,6]]],[[[6,6],[6,0]],[[7,[6,7]],[0,6]]]]
split    [[[[7,0],[7,8]],[[7,9],[5,6]]],[[[6,6],[6,0]],[[13,0],[7,6]]]]
exploded [[[[7,0],[7,8]],[[7,9],[5,6]]],[[[6,6],[6,0]],[[[6,7],0],[7,6]]]]
[[[[7,0],[7,8]],[[7,9],[5,6]]],[[[6,6],[6,6]],[[0,7],[7,6]]]]"
*Main> Leaving GHCi.
